name: transkrip-whisper
channels:
  - conda-forge
  - defaults
dependencies:
  - aom=3.5.0=h63175ca_0
  - bzip2=1.0.8=h2bbff1b_6
  - ca-certificates=2025.9.9=haa95532_0
  - expat=2.7.1=h8ddb27b_0
  - ffmpeg=5.1.2=gpl_h5b1d025_106
  - font-ttf-dejavu-sans-mono=2.37=hab24e00_0
  - font-ttf-inconsolata=3.000=h77eed37_0
  - font-ttf-source-code-pro=2.038=h77eed37_0
  - font-ttf-ubuntu=0.83=h77eed37_3
  - fontconfig=2.14.1=hb33846d_3
  - fonts-conda-ecosystem=1=0
  - fonts-conda-forge=1=0
  - freetype=2.12.1=hdaf720e_2
  - gdk-pixbuf=2.42.10=h827c3e9_1
  - glib=2.84.2=h232b036_0
  - glib-tools=2.84.2=h08ed4da_0
  - jpeg=9f=ha349fce_0
  - lerc=3.0=hd77b12b_0
  - libdeflate=1.17=h2bbff1b_1
  - libffi=3.4.4=hd77b12b_1
  - libglib=2.84.2=h405b238_0
  - libiconv=1.16=h2bbff1b_3
  - libopus=1.5.2=h2466b09_0
  - libpng=1.6.39=h8cc25b3_0
  - libtiff=4.5.1=hd77b12b_0
  - libxml2=2.13.8=h866ff63_0
  - libzlib=1.3.1=h02ab6af_0
  - lz4-c=1.9.4=h2bbff1b_1
  - openh264=2.3.1=h63175ca_2
  - openssl=3.5.3=h725018a_0
  - pcre2=10.42=h0ff8eda_1
  - pip=25.2=pyhc872135_0
  - python=3.11.13=h981015d_0
  - setuptools=78.1.1=py311haa95532_0
  - sqlite=3.50.2=hda9a48d_1
  - svt-av1=1.4.1=h63175ca_0
  - tk=8.6.15=hf199647_0
  - tzdata=2025b=h04d1e81_0
  - ucrt=10.0.22621.0=haa95532_0
  - vc=14.3=h2df5915_10
  - vc14_runtime=14.44.35208=h4927774_10
  - vs2015_runtime=14.44.35208=ha6b5a95_10
  - wheel=0.45.1=py311haa95532_0
  - x264=1!164.3095=h8ffe710_2
  - x265=3.5=h2d74725_3
  - xz=5.6.4=h4754444_1
  - zlib=1.3.1=h02ab6af_0
  - zstd=1.5.7=h56299aa_0
prefix: C:\Users\dede1\anaconda3\envs\transkrip-whisper
